522
404
362
332
340
367
364
352
343
341
389
444
510
583
611
612
634
641
641
644
27
229
243
337
402
462
489
430
356
329
340
367
364
352
343
341
389
444
510
583
611
612
634
641
641
644
27
229
243
337
402
462
489
430
356
329
340
367
364
352
343
341
389
444
510
583
611
612
634
641
641
644
715
506
342
268
180
150
177
189
205
225
240
273
276
294
312
294
324
357
455
590
695
864
987
988
988
988
987
987
987
987
986
987
986
985
986
986
986
837
673
522
453
415
388
394
413
475
636
804
981
987
985
987
891
567
124
0
0
0
0
0
0
0
0
0
0
0
0
0
0
0
0
0
0
0
0
0
0
0
0
0
0
0
0
0
0
0
0
0
0
0
0
0
0
0
0
0
0
0
0
0
0
0
0
0
0
0
0
0
0
0
0
0
0
0
654
979
979
979
979
979
978
979
979
979
978
979
979
978
979
978
979
979
978
979
979
979
978
979
979
979
978
979
979
979
978
979
979
979
979
979
979
979
979
978
979
979
978
978
979
979
978
979
978
978
979
979
979
979
979
978
979
978
979
979
979
979
979
979
979
979
978
979
978
979
979
979
978
979
979
979
979
979
979
979
979
979
979
979
979
979
979
979
979
978
979
979
978
979
979
979
978
979
978
979
979
979
979
979
978
979
979
978
979
979
979
979
978
978
979
979
979
979
979
979
979
979
979
979
979
979
979
979
979
979
979
979
979
979
979
979
978
979
979
979
979
978
979
979
979
979
979
979
979
979
979
979
979
979
978
979
979
979
979
978
978
979
979
979
979
979
979
979
979
979
979
979
979
979
979
979
979
979
979
979
978
979
979
978
979
979
979
979
979
979
979
979
979
980
980
979
980
980
980
979
979
980
980
980
980
980
980
980
981
980
980
980
981
980
980
980
980
980
980
980
980
980
980
980
980
980
979
979
980
979
979
979
979
980
979
979
979
979
979
979
979
980
980
979
979
979
979
979
979
979
979
979
979
980
979
979
980
979
979
979
979
979
979
979
979
979
979
980
979
979
979
980
980
980
980
979
979
979
979
979
979
979
979
980
980
980
980
980
980
980
980
981
981
981
981
981
981
981
981
981
981
981
981
981
981
980
981
981
981
980
980
981
981
981
981
981
981
980
980
981
981
981
981
981
981
980
981
981
981
980
980
980
980
978
979
983
985
985
985
984
985
985
985
985
984
985
984
985
985
985
985
984
983
984
984
984
984
984
983
982
983
983
983
983
982
981
981
981
980
980
979
979
979
981
980
981
981
981
980
981
981
981
981
981
981
981
981
981
981
981
981
980
980
980
979
980
980
979
979
980
979
979
980
979
980
980
980
979
980
980
980
980
980
980
980
982
981
982
983
985
986
986
987
987
986
987
988
987
987
987
987
987
987
987
987
986
986
985
987
985
987
987
987
987
987
987
985
987
987
986
987
987
987
987
988
987
988
987
987
986
987
986
987
986
986
985
987
987
987
986
985
987
986
987
987
987
985
986
985
987
987
986
987
985
987
987
988
986
987
987
987
987
987
986
986
986
987
986
985
986
987
986
986
987
985
985
986
987
986
985
986
985
987
987
987
985
987
987
986
987
987
985
987
987
987
987
987
986
985
987
986
986
987
986
987
987
987
987
987
987
987
987
987
985
986
987
987
986
987
987
986
987
987
987
987
987
986
987
987
985
986
987
987
987
987
986
987
986
987
987
987
987
985
987
985
987
985
986
985
987
987
987
987
987
987
986
987
987
987
985
987
987
987
985
987
986
987
986
987
987
986
985
987
986
986
986
986
986
986
987
987
986
986
987
987
986
985
987
987
986
985
987
987
985
987
986
987
986
985
986
985
986
987
987
986
986
987
985
987
986
986
987
986
986
986
986
986
986
987
987
987
987
987
985
987
987
986
986
986
985
986
986
986
986
986
985
985
986
986
986
986
985
986
986
986
985
986
986
986
985
986
984
986
986
985
984
985
984
984
985
984
985
984
985
984
984
985
984
983
983
982
983
983
983
982
982
982
982
982
981
981
981
979
980
980
980
980
980
979
980
979
979
980
980
980
980
979
980
980
980
979
979
979
980
979
981
981
980
981
981
981
981
980
980
980
980
981
980
980
981
980
980
980
980
980
979
979
980
981
982
982
983
983
984
984
984
985
985
986
986
986
985
986
985
985
986
986
987
986
987
986
987
985
987
987
986
987
987
987
987
987
986
986
987
986
986
986
986
987
985
985
985
985
986
986
987
985
986
987
986
986
986
985
987
985
987
985
985
987
987
985
985
987
987
986
985
986
985
986
985
986
986
986
986
986
986
985
987
985
986
986
985
986
985
985
987
987
987
987
987
986
987
986
987
987
987
986
985
985
986
985
985
986
986
986
986
986
986
986
986
986
987
986
985
985
987
986
987
987
985
986
987
985
986
987
986
986
986
987
986
986
987
986
987
987
986
986
985
986
986
986
985
986
986
986
986
986
986
985
986
986
987
987
987
987
987
987
986
985
986
985
986
985
985
986
985
985
986
986
986
985
986
986
986
985
986
986
986
987
986
986
986
986
987
987
985
986
986
986
986
986
986
986
986
987
986
985
986
987
986
986
986
986
986
986
985
986
985
986
986
986
985
984
986
985
986
987
986
987
987
985
986
987
986
986
986
985
985
986
985
986
985
986
986
987
985
984
986
985
986
985
986
987
986
986
985
986
987
986
986
986
986
986
987
987
987
986
987
985
986
987
986
985
987
986
985
986
986
986
984
986
986
986
986
986
986
985
985
985
985
986
986
985
985
987
986
985
986
985
985
986
987
986
984
985
986
986
985
985
985
986
986
985
986
986
986
986
986
986
986
987
986
986
986
986
987
985
986
985
987
987
985
987
986
987
986
986
986
986
986
985
986
986
986
986
986
986
985
986
987
985
986
986
986
986
986
985
986
985
987
987
985
987
986
987
987
986
987
986
985
986
986
986
985
985
986
986
986
986
986
986
986
986
986
986
986
986
986
986
986
986
987
985
986
986
986
986
986
986
986
986
986
986
986
986
986
985
986
986
986
986
985
986
985
985
986
985
986
985
986
986
986
986
985
986
986
986
986
985
986
986
986
986
987
986
987
986
986
987
985
986
986
984
987
985
986
986
986
986
985
986
986
986
987
986
986
986
986
986
987
987
987
986
986
986
987
986
985
986
986
986
986
986
986
986
986
986
985
986
985
986
986
985
986
986
986
986
985
986
986
985
986
986
987
986
985
987
985
986
987
986
986
985
986
987
986
985
986
986
985
985
986
986
986
986
986
986
986
986
987
985
986
986
987
987
987
987
986
986
987
986
986
987
987
985
985
986
986
986
987
986
986
985
986
987
986
986
986
984
986
985
986
985
986
987
987
987
987
985
986
986
985
986
987
986
987
986
985
986
986
987
986
986
986
986
986
985
985
985
985
985
985
985
986
987
932
827
741
660
590
535
531
545
539
550
551
496
508
517
530
543
546
549
555
509
508
534
554
504
530
550
568
537
535
548
555
522
536
548
568
520
542
545
562
525
545
555
506
530
543
564
516
523
543
561
524
521
550
564
511
523
548
545
550
552
519
512
518
525
537
537
535
551
502
514
524
519
528
531
549
553
494
514
517
525
538
538
541
543
544
543
551
491
500
512
529
533
542
532
530
531
532
540
524
539
537
524
535
526
534
523
532
515
524
528
530
526
522
524
518
529
535
531
521
528
532
528
522
539
530
532
536
525
519
533
531
524
515
522
518
519
518
516
507
515
513
521
525
